0
1
2
6
12
12
27
25
25
30
44
44
40
49
74
40
46
49
71
53
61
74
49
42
38
60
55
50
67
78
53
60
52
68
71
73
64
44
45
51
58
70
76
75
63
50
54
66
80
78
61
84
74
61
62
81
49
81
117
66
54
65
96
98
122
65
53
90
118
136
96
88
74
77
131
151
91
60
75
122
121
115
77
40
84
144
135
137
70
66
125
140
139
95
76
60
111
153
153
109
91
96
136
168
130
96
98
167
207
160
147
158
162
174
142
126
94
83
121
177
181
153
144
123
145
177
165
168
184
185
245
234
187
159
144
136
167
208
144
116
93
119
156
149
118
91
56
117
134
141
114
59
51
128
163
144
79
56
92
132
124
108
69
95
124
117
158
77
37
50
104
139
126
54
47
67
104
145
83
63
83
91
121
119
98
73
85
118
143
103
63
63
92
120
184
70
46
60
110
135
153
99
89
93
139
160
177
147
143
125
143
176
157
105
110
98
97
140
114
125
99
131
159
127
121
105
156
98
92
67
80
67
74
47
58
42
21
18
33
25
40
36
38
18
17
45
25
52
89
48
70
46
30
15
23
11
8
4
2
1
1
0
0
0
185
117
112
103
90
63
57
70
122
123
126
135
95
120
102
95
115
163
140
113
142
168
135
173
142
208
165
199
152
156
137
177
193
148
155
161
108
169
151
183
163
172
179
196
158
173
171
175
185
205
219
153
157
192
168
153
195
215
213
253
223
221
201
202
143
31
7
1
134
96
74
62
76
93
74
83
60
80
195
136
78
90
85
108
148
124
172
120
127
108
178
154
125
101
124
103
128
141
111
133
106
147
161
137
144
103
54
23
28
87
66
153
43
133
135
177
98
86
76
51
77
115
79
95
118
104
133
133
111
136
139
242
113
115
147
115
119
86
105
104
131
161
147
135
221
112
121
128
140
121
111
85
98
109
137
122
138
32
32
13
9
7
10
49
34
121
109
172
183
171
193
212
255
71
10
20
201
144
84
58
121
110
168
115
141
95
93
168
173
140
190
108
199
66
123
131
108
82
66
50
100
109
230
189
179
204
200
212
31
8
8
10
12
18
27
49
53
73
107
119
126
168
154
151
171
160
188
145
144
162
183
193
209
193
126
129
141
143
116
185
162
170
177
187
139
155
190
209
208
212
212
198
209
222
213
206
247
196
67
16
2
0
0
0
23
153
115
152
148
185
162
133
136
103
160
106
107
49
60
58
39
57
43
48
58
111
93
68
94
80
99
68
101
89
69
133
102
71
69
47
115
114
110
84
89
65
102
81
69
38
28
21
47
38
44
42
33
128
100
159
180
225
144
222
212
185
136
137
150
149
111
142
161
155
143
100
113
87
87
87
121
97
117
67
99
95
107
86
86
107
73
100
87
98
81
50
64
103
60
34
35
29
26
22
23
25
23
25
65
67
73
33
23
29
25
21
40
37
75
105
79
95
82
82
84
73
107
80
109
131
113
104
135
135
142
82
99
45
91
82
69
86
139
110
153
104
128
82
82
71
83
77
104
92
86
72
51
61
40
52
49
37
45
46
143
175
168
184
134
102
71
83
89
69
85
90
140
160
123
77
131
131
161
161
129
102
127
81
96
98
77
73
46
45
53
40
66
61
51
20
13
11
10
28
36
39
15
5
1
0
0
102
82
102
112
95
82
67
68
73
69
69
53
68
98
68
94
101
99
86
80
71
73
83
100
109
94
92
89
81
100
79
92
78
120
96
120
93
71
92
86
83
64
59
64
91
104
85
86
91
87
69
87
81
79
96
105
70
71
99
76
78
83
83
85
136
137
131
130
111
93
95
94
52
74
58
54
78
60
65
88
102
80
72
74
85
88
94
121
106
95
121
116
63
119
118
97
140
86
60
76
77
69
74
103
103
82
76
100
94
85
121
104
103
101
82
91
95
114
72
110
97
93
106
98
126
125
150
93
125
124
104
82
81
99
88
90
169
137
129
78
91
104
101
122
99
134
120
106
128
123
103
137
152
125
155
172
182
130
134
127
114
148
117
196
171
125
102
110
134
139
111
134
97
145
102
130
129
125
127
126
136
78
111
127
107
151
105
214
136
147
159
119
155
127
224
176
118
103
147
111
101
103
120
138
151
205
179
49
112
41
37
18
11
28
84
33
25
46
17
14
1
0
0
8
17
34
53
41
14
14
6
6
50
38
51
35
23
44
3
0
0
1
17
24
53
28
27
23
6
2
35
96
64
26
33
16
17
0
0
14
28
54
60
46
46
24
11
6
36
97
39
42
81
41
56
35
48
64
75
52
77
101
68
76
39
16
24
84
35
31
75
22
19
31
31
26
11
29
50
71
49
26
13
11
11
57
66
70
78
64
38
45
29
20
9
20
49
45
66
49
28
19
13
61
91
98
70
57
23
28
60
52
36
22
38
35
78
78
78
78
78
78
78
78
78
78
78
78
78
78
78
78
78
78
78
78
78
78
78
78
78
78
78
78
78
78
78
78
78
78
78
78
78
78
78
78
78
78
78
78
78
78
78
78
78
78
78
78
78
78
78
78
78
78
78
78
78
78
78
78
78
78
78
78
78
78
78
78
78
78
78
78
78
78
78
78
78
78
78
78
78
78
78
78
78
78
78
78
78
78
78
78
78
78
78
78
78
78
78
78
78
78
78
78
78
78
78
78
78
78
78
78
78
78
78
78
78
78
78
78
78
78
78
78
78
78
78
78
78
78
78
78
78
78
78
78
78
78
78
78
78
78
78
78
78
78
78
78
78
78
78
78
78
78
78
78
78
78
78
78
78
78
78
78
78
78
78
78
78
78
78
78
78
78
78
78
78
78
78
78
78
78
78
78
78
78
78
78
78
78
78
78
78
78
78
78
78
78
78
78
78
78
78
78
78
78
78
78
78
78
78
78
78
78
78
78
78
78
78
78
78
78
78
78
78
78
78
78
78
78
78
78
78
78
78
78
78
78
78
78
78
78
78
78
78
78
78
78
78
78
78
78
78
78
78
78
78
78
78
78
78
78
78
78
78
78
78
78
78
78
78
78
78
78
78
78
78
78
78
78
78
78
78
78
78
78
78
78
78
78
78
78
78
78
78
78
78
78
78
78
78
78
78
78
78
78
78
78
78
78
78
78
78
78
78
78
78
78
78
78
78
78
78
78
78
78
78
78
78
78
78
78
78
78
78
78
78
78
78
78
78
78
78
78
78
78
78
78
78
78
78
78
78
78
78
78
78
78
78
78
78
78
78
78
78
78
78
78
78
78
78
78
78
78
78
78
78
78
78
78
78
78
78
78
78
78
78
78
78
78
78
78
78
78
78
78
78
